x1 = 2;
x2 = 10.0;
x3 = 1e3;
x4 = .1;
x5 = 0.5;
x6 = -1e3;
x7 = 1e-3;
x8 = 1.1e3;
x9 = 1.1e-3;
x10 = -1.1e-3;
x11 = 11111111111111111111111111111111122.1e-2;
x12 = -x10;
x13 = x11;
x11 = 22222222222222222222222222222222211.2e-2;
x14 = x11;
x15 = 101.123123123;
x17 = x16;
x16 = 12345678;
x18 = x16;
x19 = 000000000000000000000000000000000000000000000000000000000000000001.1;
x20 = 100000000000000000000000000000000000000000000000000000000000000001.1;
x21 = 1.100000000000000000000000000000000000000000000000000000000000000001;
x22 = 1e0;
x23 = 1e0000000000000000000000000000000009;
x26 = -(-(-(-(-(-1)))));
x27 = -x26;
x28 = (2);
x29 = -(2);
x30 = 1e0;
x32 = 10^0;
x33 = 10^0.0;
x34 = 10^.0;
stuff = 12;
number = stuff;
number123 = stuff*123;
